Query: 1
R-near neighbors:
340
1050
2441
3447
3641
3655
4521
4903
6711
6800
7032
7062
7451
7535
7595
8100
8570
8914
9712
173
324
1202
1217
2258
2611
3728
4111
4553
5286
5561
5849
5961
6171
6335
6643
6810
6824
7304
7415
8866
9056
9337
9587
9762
624
2106
3481
5566
6262
6452
6705
6970
7477
7662
7892
8472
213
610
902
1339
1886
1896
2081
2359
2459
2460
3484
3882
4841
5516
6333
6422
7520
7733
7785
9552
450
960
1444
1927
1972
3531
4618
4970
5417
5584
5863
7181
9912
Query: 2
R-near neighbors:
48
162
455
1337
2016
3127
3554
5238
5680
7405
8447
8506
9315
9507
9803
158
777
1025
1833
3445
3497
4182
4476
4785
5258
7095
7312
7351
8229
8321
8954
9371
9389
9749
660
663
2071
3015
4108
4391
4461
4664
5593
5642
6666
8034
8231
8536
9041
728
901
1156
1476
1597
2924
2990
3956
3963
4154
4323
5329
6665
6735
7901
8127
9648
1819
1948
2643
2669
3010
3040
4131
4210
5459
6796
7302
8717
9455
9561
Query: 3
R-near neighbors:
824
3443
4635
7634
466
583
615
1043
1085
1367
3934
4714
5319
5508
5813
6950
7535
7762
8296
9378
9747
876
1569
2138
2208
2798
3813
4120
4951
5068
5553
5563
5766
6267
6467
6579
8300
9317
9398
976
1392
2643
2680
2753
3759
3834
4242
4521
5377
6436
8863
9718
9909
9925
67
1376
2404
2874
3151
3801
4568
8046
9337
Query: 4
R-near neighbors:
2796
3764
4709
4725
9746
541
1490
1547
1561
2788
3153
3894
4110
4221
4533
4740
5481
7557
8230
8540
8608
8922
9227
9903
806
951
1487
2326
2516
2777
3253
3255
3582
4784
5207
6368
6696
7379
7623
8030
9012
9075
9461
9547
9553
9766
154
341
2243
2622
3466
3470
4648
4958
5795
6011
6040
6322
7057
7106
7678
7741
7849
8077
8517
859
987
1708
4431
5262
5298
5908
5969
6318
7003
7508
7743
8686
9998
Query: 5
R-near neighbors:
272
459
2688
2846
2951
3914
4523
5087
5686
6288
6759
6918
7759
8194
8674
9467
616
1219
1411
1449
2524
3312
3541
3822
4427
4455
4930
5335
5861
6046
6074
6153
7213
7657
7707
8168
9309
9791
1792
2501
2738
3707
3765
4166
4324
6557
6756
8416
9387
9796
1035
1147
1171
1286
1429
1579
3164
3641
3944
3968
4066
7380
7485
8474
8657
9169
9172
9217
9926
9970
78
1127
1255
2114
2559
2835
2891
3134
3203
3386
3682
3999
7031
8146
9775
Query: 6
R-near neighbors:
784
1235
2595
2732
3061
4489
4607
6384
6594
6717
7387
8377
8930
9325
402
408
2430
2904
3302
3336
3553
4252
4572
4754
5576
6004
6184
6432
8686
8888
9966
123
234
2882
3192
3193
5946
6745
6776
7085
7107
7197
7374
8205
9451
9622
18
1284
1472
1741
2225
2417
2804
3381
3711
3770
5274
5559
6733
9666
377
485
1512
1936
1991
2375
3445
3551
4140
4833
6526
7534
8473
8916
Query: 7
R-near neighbors:
890
1782
1856
1996
2742
3128
3187
3204
3620
3807
4891
5379
5558
6111
6113
7513
7686
8046
9625
9870
109
1304
1476
1822
2018
2440
4531
5431
5738
6550
7009
7545
7768
8026
8528
9298
9867
9961
151
858
1598
2532
3679
3918
4698
4704
4940
5228
6072
6418
6667
6927
7192
7452
7587
7901
7942
8930
9346
9698
586
1857
2120
2455
3081
3520
3639
3771
6203
6453
6809
7114
8163
9700
570
814
853
958
1086
1727
2056
4132
4135
4231
4906
6344
7956
8528
9166
9863
Query: 8
R-near neighbors:
144
3838
4137
5749
6253
9501
9563
9862
471
487
2166
3621
4309
4442
5179
5193
6204
6348
7034
7624
7682
8543
8716
8943
9010
9220
9374
9413
9640
93
279
1053
1294
1321
1442
1798
1821
2234
2790
3035
3269
3297
3748
4442
4983
5225
5310
5415
5588
6870
8071
8099
8165
8430
9735
9825
70
300
687
1070
2288
2412
3274
3741
4483
4606
4868
5312
5973
6316
6815
7104
7221
7618
7885
7981
8153
8796
9896
165
408
1961
2652
2709
3219
3648
3744
4827
5852
6544
6808
6895
7390
7397
7459
Query: 9
R-near neighbors:
136
291
676
957
1280
1412
1581
2430
2738
3300
3719
3762
4232
4260
4882
6602
7143
7307
7316
7393
7495
7704
7894
8510
9047
9299
1594
1753
2201
2413
2551
2804
6654
7614
8665
9323
9881
214
870
896
1308
1841
2001
2046
2184
3076
4237
5084
5723
5803
6071
7263
7669
7860
9952
304
4732
5439
5605
5680
6339
7306
7466
8393
8664
8685
8933
9150
772
1425
1452
1933
2168
2355
2475
2951
3521
3619
4015
4204
5951
6669
6742
6892
7984
8487
8781
Query: 10
R-near neighbors:
51
54
908
1559
3237
3243
3821
5127
5545
6004
6506
6730
7265
8621
8643
9202
530
962
1117
1241
2183
2629
3427
3444
4146
5493
5944
6482
6914
7153
9521
9988
115
120
178
1381
1947
2159
2489
3254
3573
3904
4162
4201
5138
5258
6300
6858
7017
7252
8284
8665
8752
8786
9617
1723
2227
2469
3163
3319
3401
3798
3829
3916
5410
5497
5786
5893
5958
5982
7972
8145
8197
9587
516
883
947
1577
1667
2024
2714
3232
4445
4816
5036
5339
5353
5999
6605
7957
8742
9411
9414
9883
9993
Query: 11
R-near neighbors:
577
677
911
1026
1103
1464
2007
2249
2525
3005
3578
4630
5258
5362
6415
9264
9313
41
1173
1915
2151
3452
4475
5337
5917
7233
8306
9142
9855
1697
1731
2386
2388
4252
4406
4414
4848
5492
6947
7459
7560
7701
8077
8361
9296
9993
163
372
808
929
1027
2782
2848
3669
5040
6723
7208
9214
119
306
2424
2586
2837
3509
7215
7395
8362
8623
9243
9668
Query: 12
R-near neighbors:
1306
1629
3155
4082
4198
5358
5665
5705
6977
7698
8770
9549
9609
9681
190
1195
2034
2232
2425
2497
3013
4215
5896
7954
446
1287
1439
1621
2236
2514
2889
3153
3530
3673
4155
9300
9928
1502
3417
3636
4339
4979
5326
5817
7602
8177
8336
8382
210
2409
5291
5887
6307
7339
7531
7920
8374
9584
Query: 13
R-near neighbors:
193
307
656
1052
1673
1838
3171
3364
3429
3458
3544
3704
3887
5656
7066
7707
8006
8871
8972
9309
1499
1518
1574
1606
1869
3085
4667
5191
6219
6943
7264
7584
7592
7593
8978
9268
9733
82
932
1134
3196
3265
3484
3560
5877
7870
8249
9153
9250
402
783
1004
1371
1537
3056
3290
3706
4130
5502
6356
6797
7313
8706
9868
1071
1315
1881
2110
2351
3012
3157
3704
3995
4205
6814
7168
7547
8667
9563
Query: 14
R-near neighbors:
1029
1338
4140
5499
5667
6336
6345
7358
7752
8210
8388
8571
8792
9035
9472
95
622
1878
2161
4296
4670
4724
4918
5975
6442
8286
9111
9161
307
664
2355
3446
3625
3736
3829
4545
4861
4965
5009
5070
6401
6602
6639
6654
6791
8072
9334
9648
9676
9891
28
103
140
406
1085
1211
1935
2959
3498
3912
3922
4044
4077
4187
4382
4562
4750
4847
5422
6677
9441
9668
284
384
1178
1960
2158
2463
3129
4024
4026
5324
5764
7663
8088
8321
9030
9699
Query: 15
R-near neighbors:
57
318
1296
2366
2592
3612
4889
4941
6542
8065
8173
946
1392
3366
3865
4192
4534
5214
5606
5852
6674
7196
7240
7309
7548
7632
8081
222
714
1774
2417
2721
3097
3678
4341
4507
5482
5991
6022
6890
8342
8417
8704
8761
8900
9599
9883
972
1287
1318
1539
3035
4165
4342
4474
4649
5306
5580
7481
7775
8938
9316
9428
93
1051
1212
1226
1682
3289
3517
4262
4489
5349
6418
6586
7166
8009
8466
9206
9795
9908
9926
9927
Query: 16
R-near neighbors:
1493
2051
2684
2748
3016
3028
4173
4322
4488
4778
5247
5337
5903
6824
7064
4
670
1944
1967
2863
3458
3506
4255
5033
5240
6086
6817
7279
7618
8438
8582
9880
871
979
1331
1515
2104
3237
3423
4566
4783
4798
4998
5629
5748
6073
6130
6603
7364
8511
9298
996
1322
2883
3145
3420
4984
5252
5772
5924
6770
7490
7534
8050
8521
8857
1350
1931
2015
2217
2922
3120
3472
4359
4414
4531
5312
5337
5492
5819
6830
7118
7230
7425
Query: 17
R-near neighbors:
339
742
1473
2136
2350
2925
3201
3400
4079
4289
6038
6715
7615
7852
9106
65
629
683
864
988
1276
1282
2269
3481
3813
3818
4592
5129
5316
5590
6251
7107
7554
8122
8924
905
1398
1868
3487
3800
4456
4719
5198
5350
5582
5644
5911
6352
6524
7074
7832
8187
8805
8845
9163
3178
3630
5089
6685
6983
7995
8968
8991
9273
9632
2071
3133
3237
3658
5185
5342
5416
6525
7119
7692
7826
8605
9293
9358
9534
Query: 18
R-near neighbors:
106
1852
2549
3485
3692
5121
5136
6218
6225
6736
6912
6938
7302
7861
9153
9514
2578
2579
3042
4194
4733
5135
5143
5317
5895
6669
7246
7251
7867
8270
9306
9904
9999
738
980
1966
2175
2427
2587
2943
3882
4320
5282
6019
6343
6506
7690
7723
7863
9459
781
1228
2471
2809
2910
3151
5025
5049
5528
5915
6263
7369
8221
9146
9566
37
662
689
1085
1337
1610
2556
3896
7266
8257
9513
9881
9887
Query: 19
R-near neighbors:
574
771
1926
2512
2625
2935
4252
5414
5957
6843
8251
9217
1263
1534
1638
1743
1941
2296
2453
2508
2808
2917
2985
3414
3847
7355
7944
8211
8724
8771
8933
8936
9035
9662
9702
592
1727
2594
2993
3087
4689
4777
4804
5519
5815
5864
7078
7576
7949
8286
9926
440
948
3120
3139
3736
5318
6014
7656
8852
8953
9036
9184
9795
324
372
996
3983
5811
6251
6910
7340
7939
8300
Query: 20
R-near neighbors:
87
247
409
1391
2080
2309
2340
3679
4120
4208
4696
5240
6082
6153
7483
9307
42
369
391
871
1382
1758
1832
3859
4078
5442
5636
6289
7235
7496
8210
463
1765
1816
2438
2513
4059
4150
4257
4311
5271
7215
8889
9032
9086
9442
279
963
1504
3544
3926
4563
4813
5020
6177
6196
6597
7639
7703
8178
9732
9777
308
2164
3180
4766
6636
7221
7884
7976
8429
9341
9357
9493
Query: 21
R-near neighbors:
1229
1539
2508
2517
2666
5253
5469
5874
6123
7662
7926
7935
8424
8811
446
499
737
774
1432
2199
3134
5060
5587
6042
6611
7616
8087
8262
8585
9860
9949
593
1164
1963
2651
3708
5232
5596
5793
5958
8006
8183
8206
8809
972
1287
1318
1539
3035
4165
4342
4474
4649
5306
5580
7481
7775
8938
9316
9428
64
87
141
956
1210
1757
3111
3897
4397
4791
4967
5186
5306
5386
5598
5820
6079
6081
6632
7577
7851
8897
8960
8967
8973
9755
9817
Query: 22
R-near neighbors:
1070
1780
1837
3194
3252
3904
3908
4110
4669
4835
5780
6002
6815
7119
7629
8520
8735
9089
1046
1166
2138
3281
3572
4126
4551
4864
4929
6434
6456
6533
6604
7552
8095
8471
8912
9456
92
311
331
792
3174
3181
3472
3543
4282
5022
5300
5781
6588
7242
7671
8368
8539
8747
9276
9704
1907
2142
3148
3342
3565
3791
4033
4078
5106
6360
6763
7574
7720
9165
377
485
1512
1936
1991
2375
3445
3551
4140
4833
6526
7534
8473
8916
Query: 23
R-near neighbors:
104
436
1283
1702
1921
2025
2039
2335
2446
2706
5567
5814
7523
7541
7627
8718
8724
8898
8917
8931
8957
9571
403
2409
3498
3664
5565
6728
7096
7189
8645
9344
76
761
1167
2706
3580
3767
3856
4243
4265
5955
6261
7185
7295
7520
7898
8366
8735
8737
8972
9632
9640
9943
41
260
591
2344
2378
2478
2635
3640
4021
5036
5456
5766
6107
6262
6467
7571
7628
8137
8225
8284
8386
9060
9461
1331
1852
2476
2700
2893
3209
3851
3984
5606
5703
6041
7251
7461
8384
8564
Query: 24
R-near neighbors:
840
1507
2479
2998
3032
3147
3726
5147
5267
6135
6227
6923
7286
7485
8472
1000
1035
1051
2691
4101
4499
4743
4816
5231
5887
6362
7187
8364
9952
2064
2853
3388
4050
4051
4267
5659
6081
6133
6387
6765
6926
8221
8314
8557
8796
750
1119
2221
6028
6656
8187
8459
8505
8771
8833
9786
337
3122
3476
4940
5189
6154
6212
6451
6769
8357
8648
9518
9597
Query: 25
R-near neighbors:
275
1735
2152
2236
2589
2832
4670
4816
6341
7534
7682
8169
9280
9484
9498
297
2743
2972
3461
4998
5146
5314
6217
6321
6758
8146
635
831
895
1580
3541
4882
7658
7888
8695
9131
9323
374
595
1527
2393
2663
2823
3672
4650
5981
6257
6291
6494
7762
8283
8497
9688
9703
9802
397
1129
2278
3554
5680
6572
7704
9604
9666
9989
Query: 26
R-near neighbors:
904
2291
2418
2864
3617
4290
6042
6231
6388
7001
7784
8339
182
771
855
2293
3082
3618
3947
4950
5939
6940
7283
7503
7698
7986
8498
8751
9979
336
451
679
756
815
964
2219
2336
4079
4613
4655
5008
5015
6190
8210
8508
9651
264
1688
1986
2132
2183
3802
5442
5495
6238
6557
8399
9495
501
556
1223
1779
1894
2583
3188
4372
4876
5437
5553
5821
5860
6530
6791
7084
7588
8041
9487
Query: 27
R-near neighbors:
1233
1304
1334
3169
4892
5006
5380
5618
6597
7019
7568
7708
7770
8433
8995
9083
291
695
1294
1469
1543
1558
1617
2272
3492
4389
4678
5433
6387
6602
6958
6988
7685
7849
7909
8165
8784
9921
463
1765
1816
2438
2513
4059
4150
4257
4311
5271
7215
8889
9032
9086
9442
907
1809
2562
3130
3429
3521
4205
4758
4915
5028
5985
6060
7297
7351
8475
9798
64
87
141
956
1210
1757
3111
3897
4397
4791
4967
5186
5306
5386
5598
5820
6079
6081
6632
7577
7851
8897
8960
8967
8973
9755
9817
Query: 28
R-near neighbors:
47
572
1313
2177
2296
2322
3667
4267
4326
5340
7194
7635
8072
8457
9088
801
818
1327
2127
2510
2993
3416
3694
4197
5432
5558
5584
6373
6709
8694
9380
166
614
662
1526
1605
2055
2497
2841
3231
3719
4296
4588
4797
5869
6309
6684
7373
7864
9159
9520
9826
355
1911
2556
3046
3412
4312
4473
4862
4989
5610
6604
6801
7593
7594
8366
279
1067
1786
2531
3088
3739
6098
6471
6827
7277
8763
9324
Query: 29
R-near neighbors:
477
1626
2774
4044
4083
5387
5527
6386
7515
7917
7968
8135
9639
9881
271
445
1719
2685
2946
3035
3195
3284
4330
4522
4976
5072
7363
8626
9941
9958
1482
1718
4060
5144
5452
5863
6573
7668
7752
8371
9115
9322
14
481
656
833
2256
2352
3285
3322
3745
4353
5383
5679
6054
6706
7180
7279
8695
8916
8924
9224
9891
264
371
1307
1525
1603
2090
2132
5092
5210
6789
6879
7494
7991
8452
9334
Query: 30
R-near neighbors:
1142
1657
2184
2439
2909
3027
3030
3404
4049
5203
5559
5839
7653
7896
8655
9366
110
862
1460
1786
2004
2100
2658
2935
4031
4996
4997
5068
5125
5310
7791
8216
8248
9612
9764
1224
1820
5383
5469
5895
5967
6222
6849
6856
7152
7358
7487
8084
8614
8960
141
204
661
738
908
1765
1838
2612
2971
3121
3465
3895
4380
4570
6118
6836
7032
7713
590
595
2938
3287
3795
4064
4407
4479
5800
6024
6121
6962
7411
7652
7689
8359
9037
9125
9179
Query: 31
R-near neighbors:
1547
2189
2376
3137
3818
4544
4775
6194
6556
6971
7574
8193
8312
8353
8607
8993
9928
1287
3502
4668
5760
6104
7069
8205
8760
9256
9959
731
2878
3671
4884
5673
6538
7726
8372
9598
318
1086
1179
1447
1487
3701
3748
5063
5114
5711
7905
8155
8702
8799
9841
700
775
1888
2350
2495
2721
3222
3602
5710
6017
6147
7263
7324
7785
7914
8244
9183
9687
Query: 32
R-near neighbors:
556
1015
2363
2980
3149
3336
3396
5141
5842
5892
6820
8033
8189
9442
9577
9864
756
1653
1720
2079
2126
2991
3097
4599
4629
8113
8277
8966
9620
1521
1530
1790
2105
2153
3914
4900
6809
8019
9080
9713
2004
2637
3605
3948
4103
5620
5761
5994
6482
6771
8060
8256
8306
9454
779
1137
2314
2363
2459
2477
3282
4432
4496
5372
6230
6327
6593
7542
7725
7970
8168
Query: 33
R-near neighbors:
735
2015
2237
2504
3199
6219
6316
6568
7590
8094
8698
9218
1286
1698
3135
3179
4510
4806
5862
6149
6837
7201
7717
7777
8349
9738
943
988
1045
2013
2886
3213
3438
4517
4585
5441
5473
6191
8087
8379
8632
8755
9569
9765
225
850
2026
3337
3962
4378
5568
6852
6907
7112
7341
8780
9004
9185
9471
9664
409
1179
1272
1494
1622
1906
2185
4217
6614
7148
7186
7709
7924
8136
8408
9478
Query: 34
R-near neighbors:
163
260
628
1092
1152
1973
2165
2721
3051
3240
4447
4833
5047
5526
5608
7179
7750
8308
8514
9531
606
1842
2106
2919
4680
4693
6277
6403
7168
7457
7478
8251
8397
8402
8807
9085
9178
9836
9925
351
1281
1778
1782
2300
2715
2729
2776
3921
4382
4924
6478
6530
8337
9354
9867
1192
1410
2036
2533
3388
4733
4805
5232
6473
6663
7047
8709
9642
189
1066
1521
3185
3244
3593
3710
4207
5053
5946
6049
6220
7833
8979
9463
Query: 35
R-near neighbors:
2006
2242
2788
3167
4095
4719
5659
6598
6745
6961
7011
7720
8513
8999
9951
1128
1198
3051
3967
5525
8144
8596
8697
8877
9353
9426
9755
1897
3520
3579
4430
4663
4824
5830
5959
6549
7031
7429
7499
7551
7985
8502
8825
8984
9960
52
150
1295
1335
1488
1549
1825
1874
2690
4497
4752
4779
5109
5587
6686
6970
7812
9318
9695
742
1554
1626
2345
3421
4825
6522
6599
7599
7948
8236
8358
8950
9909
Query: 36
R-near neighbors:
15
1273
2076
2410
4142
4327
4932
5675
6204
6249
6702
7233
8833
9768
1784
2619
2867
2921
3552
4175
4415
4775
6258
6502
6623
6751
7340
7962
7992
8174
9138
9569
317
1093
1185
1888
2490
2792
3727
4362
4705
5231
5641
6593
6792
7354
8301
8738
8844
8947
9917
657
1526
2222
2669
2963
3428
4218
4402
4738
5144
5524
5635
5980
5996
6939
7525
7836
8342
517
1458
2147
2609
3576
4184
5495
5614
7308
8619
8821
9688
9774
Query: 37
R-near neighbors:
200
1285
2674
2798
3844
6412
6601
7844
8942
1644
2838
2903
3517
5013
5400
6421
6892
8383
8919
258
563
919
1577
1786
2123
2228
3086
4103
4642
4913
4993
5597
5808
6345
7363
7768
8245
8894
9791
182
707
1846
2569
3144
3224
3804
3822
4262
4401
4403
4896
5276
6371
6992
8452
8973
9068
9406
9573
9830
72
108
489
1720
2123
2249
3982
4226
4818
5161
6714
6753
6907
6992
7804
8156
8308
8713
8908
9045
9145
9283
9344
9913
Query: 38
R-near neighbors:
802
808
1375
1496
2780
2830
3205
3567
4405
4992
6443
6536
7031
7154
7529
7753
7961
8431
8483
8569
8652
8948
9093
464
2159
2182
4076
4321
4664
5595
6235
7347
7372
7555
8404
8506
8845
8938
9079
9084
126
620
2416
2534
2748
3418
3959
4830
5839
6721
7193
8343
8875
9378
9391
9717
1927
3191
3363
3632
5181
7163
7867
7917
7970
8669
639
870
1257
1335
1674
2173
2468
3310
3611
3932
3945
3960
4614
5101
5250
6338
6754
7121
7268
9076
9393
9441
9448
9497
Query: 39
R-near neighbors:
211
1014
1752
2545
3906
4427
4496
5334
5385
5847
6079
6559
7802
8334
8803
9032
9620
2012
2134
2762
3243
3319
3757
4254
4590
5269
6054
6697
7595
7848
8580
8720
8957
1994
2839
4269
5675
6310
6717
6764
6836
7132
9709
9795
9916
2194
3257
3645
4394
4460
4908
5163
5344
6667
6978
8216
8537
8726
33
935
1180
1612
3869
6818
7193
7466
7742
8032
8148
9189
9399
Query: 40
R-near neighbors:
236
642
740
762
1487
2030
3632
3775
4033
4204
4435
5313
6330
7503
7763
8389
9065
9811
527
1333
1899
2265
3272
4636
4696
5588
5927
7314
7656
8460
9291
9830
1521
1530
1790
2105
2153
3914
4900
6809
8019
9080
9713
182
707
1846
2569
3144
3224
3804
3822
4262
4401
4403
4896
5276
6371
6992
8452
8973
9068
9406
9573
9830
1436
1538
1585
1701
1714
2965
3177
3676
3979
4006
4274
4631
4655
4902
4913
6282
6621
6655
7896
9588
9752
Query: 41
R-near neighbors:
22
520
686
1145
1520
2662
2894
3555
3724
4540
5491
5983
6028
6806
7504
8128
9360
9798
388
1412
2385
4799
5363
5387
5922
6796
7049
8614
8897
8946
275
636
2100
2442
3218
3851
5159
6099
6608
6817
7037
7907
437
1186
1323
1820
1902
2502
3082
3815
3891
5070
5362
6394
7334
8296
8402
8747
9130
9354
394
1528
2982
4732
4784
5151
5229
5875
6289
6351
6842
9714
9884
Query: 42
R-near neighbors:
490
705
1264
1287
2737
6534
6699
7575
8815
379
1153
1811
3200
3928
4764
5405
7431
7686
7719
9502
561
2460
3872
4449
4767
5100
5179
5230
5615
5721
6307
7672
8049
9328
9457
45
613
1726
1990
2130
2144
2919
3176
4892
4906
5005
5903
6555
7745
8156
8868
8975
9183
9559
9692
688
771
2326
3569
3622
5965
6347
6539
7414
7646
8323
8998
9069
9763
9833
Query: 43
R-near neighbors:
188
937
1062
1445
1675
1941
2124
2564
2877
4511
4533
5012
5377
5406
6338
6686
6751
7132
7180
7855
8360
8563
429
1074
1403
1903
1931
3954
5073
5482
5506
7027
7288
7398
7513
9556
93
279
1053
1294
1321
1442
1798
1821
2234
2790
3035
3269
3297
3748
4442
4983
5225
5310
5415
5588
6870
8071
8099
8165
8430
9735
9825
860
2616
2950
3049
3767
4668
6143
6585
6793
7197
7578
7595
9409
9751
475
2182
2566
2619
2915
3191
3278
3410
3481
3716
3904
4032
4149
4203
4436
4964
5100
5292
6881
6938
7132
8256
8581
9664
Query: 44
R-near neighbors:
114
985
1526
2569
2849
2880
3188
3479
3500
3550
3858
4423
5162
5383
5391
5668
5729
6248
6381
6586
7145
7883
8325
9551
9855
19
71
396
780
926
1387
3539
5893
7473
7700
8339
8344
997
1033
1404
2397
2425
3293
8299
129
927
1637
1721
2337
2601
2745
2853
4359
4617
5112
5653
6279
6502
6571
8254
9039
9225
220
223
945
1199
1207
1974
2096
4686
6399
6821
7285
7568
8720
8771
9092
9247
9265
9800
Query: 45
R-near neighbors:
587
2359
3968
4055
5913
5948
7688
8318
8816
8960
9572
128
268
1098
2823
3496
3527
3574
4399
6787
7289
8968
9159
9351
9691
423
685
1006
2041
3657
4790
5052
5257
5901
6400
6572
6782
7030
7738
8201
8769
9141
9154
9502
9947
9981
2
142
381
1402
1710
2700
3124
3402
3985
5223
5688
6010
6760
7412
7675
7687
8158
8292
9334
770
1421
2703
4438
5354
6913
7291
8061
8228
8348
8611
8774
9059
9248
9410
9622
Query: 46
R-near neighbors:
28
951
1223
2573
2884
3160
3561
3697
4730
4907
5298
5576
5893
7619
7910
8789
9726
9793
303
542
1330
2032
2348
3175
5074
6181
7770
7838
8163
8782
9717
890
1106
1305
1869
2030
2173
2674
4620
5062
5251
5343
6982
8085
8207
8861
86
2989
3172
4420
4748
4880
5648
6208
6508
7165
8147
8174
9439
9680
468
764
1460
2336
2696
2906
3345
4617
5371
5520
5653
5723
5977
6145
6941
7556
7817
7949
8625
9971
Query: 47
R-near neighbors:
1242
3728
3983
4783
5369
5974
7320
7985
9230
375
794
1069
1256
1375
2418
2553
2924
3906
4942
5011
5467
5913
7845
7901
1706
3211
3626
4148
4744
4935
5416
5522
5931
6159
6937
7028
8754
8836
9326
9762
172
498
2849
3022
3066
4311
7714
7976
8802
9120
9702
9957
230
405
1036
2595
2637
2769
2789
3581
3771
4689
5256
5532
6874
7852
9937
Query: 48
R-near neighbors:
74
2402
2551
4492
4944
5706
5936
6098
7864
8274
8879
9617
1311
2146
2746
3376
4927
4941
6112
6752
6991
7176
7458
8171
8382
8617
8730
8829
9798
9929
637
645
691
1524
2087
2435
2439
3005
3886
4132
4754
5061
6167
6515
6892
8476
643
1774
1890
2432
2649
2801
3900
3933
4537
4778
4803
5178
5877
5909
6758
7474
9269
9604
9643
9647
134
235
1317
3075
4193
6924
7134
7179
9033
Query: 49
R-near neighbors:
481
874
1665
2103
2462
3136
3421
4500
5992
7190
8415
8870
9187
9479
9496
9980
55
912
1057
2648
3198
3299
5034
5157
5479
5489
5704
7228
7711
9471
9609
40
170
745
2283
2614
3118
4107
4285
5992
7590
7879
8133
8523
9191
1969
2202
2767
3332
3952
7819
8009
8240
9108
9118
9750
1436
1538
1585
1701
1714
2965
3177
3676
3979
4006
4274
4631
4655
4902
4913
6282
6621
6655
7896
9588
9752
Query: 50
R-near neighbors:
1060
1660
1736
2313
3007
3175
3402
4124
4519
5033
5067
5401
6184
6262
7655
8667
9056
9618
213
576
723
915
1213
2864
3075
3763
4238
4370
4524
4975
5544
5898
6451
7287
7404
7437
602
681
801
1542
1703
2250
2345
2518
2576
2770
3259
3427
3734
5158
5167
5459
6110
6483
6566
6715
9031
9371
9449
657
1526
2222
2669
2963
3428
4218
4402
4738
5144
5524
5635
5980
5996
6939
7525
7836
8342
102
116
293
1158
2052
2880
3608
3781
3958
4354
5322
6186
6701
6771
8745
8961
9043
9234
9251
Query: 51
R-near neighbors:
1609
1833
2106
2950
2967
2969
3256
6257
7556
7563
8107
9384
9500
9868
153
286
597
1713
1918
2115
2251
4106
5377
5799
5897
6173
7709
7716
7898
8783
8895
8997
9461
1041
1250
1393
2310
3534
4471
5204
5988
6633
6832
7077
7404
8078
8428
8661
41
260
591
2344
2378
2478
2635
3640
4021
5036
5456
5766
6107
6262
6467
7571
7628
8137
8225
8284
8386
9060
9461
321
545
961
1465
2614
3565
4756
4982
5023
5059
5396
6712
7141
7167
7805
8291
8765
Query: 52
R-near neighbors:
720
1120
1689
3129
4091
4760
4969
5013
5732
5812
6209
6470
6656
6863
7166
7565
8820
9124
9233
9292
9430
9896
664
1047
2087
3530
3670
5436
5466
5491
6085
8559
524
850
1771
2426
2938
2983
3895
4425
4657
6089
8352
9236
9262
9634
9923
892
1036
1878
3855
4900
4937
5777
5809
6838
7080
7109
7185
8084
8948
9518
9801
9960
301
1024
1186
1549
1698
3215
3258
3883
4920
7143
7829
7890
7892
8858
Query: 53
R-near neighbors:
165
380
897
1637
1931
3151
3700
4314
6361
7266
7582
8143
8733
9782
1112
1114
2135
3168
3252
3673
3732
3805
3924
4298
4340
5097
5483
7021
8891
9002
9243
20
1557
2524
3210
4087
4427
5045
5269
5314
6564
7071
7620
8578
8593
9745
778
863
1604
1606
1669
2519
4475
4614
5000
5145
6500
6704
7872
8619
8628
8667
74
217
1475
2026
2528
3208
3568
3832
5073
5170
7955
9093
9297
9400
9731
Query: 54
R-near neighbors:
130
519
2514
3192
3322
3782
3932
4171
5872
7564
7851
8828
9084
66
2901
3701
3938
4202
4362
4649
4919
5527
5751
6052
6336
7637
8504
8675
9804
47
373
642
1808
1962
2867
3088
4842
6580
6718
7411
7451
7516
9126
9380
698
1850
2148
2662
2930
4774
4808
4960
5799
7039
7145
7522
7620
8367
8532
8742
8847
9892
9910
1461
1625
1823
2161
3494
5231
6567
6900
7434
7579
8901
8941
9193
9718
Query: 55
R-near neighbors:
241
2157
3111
3855
3907
4555
4807
5988
6476
6575
7421
7649
8478
9095
623
2119
2388
2390
2402
2455
2513
2749
2783
3306
3642
4047
4064
4166
5504
5657
6202
7443
8345
8347
8597
9193
9564
9784
22
145
670
5707
6136
7861
7932
8123
8179
8358
8813
9668
705
1246
1293
2143
2760
2942
3302
4274
4346
4449
4487
4601
4665
5148
5529
5619
6082
8665
8872
9223
2793
3393
3641
3989
4371
4505
6134
7668
7750
8795
Query: 56
R-near neighbors:
1387
1773
3367
4180
4434
4744
6592
7608
7869
9525
9655
9989
1263
1534
1638
1743
1941
2296
2453
2508
2808
2917
2985
3414
3847
7355
7944
8211
8724
8771
8933
8936
9035
9662
9702
226
259
583
767
1083
1499
2015
2157
2623
3998
4608
5060
5665
7138
7314
7647
8171
8971
9143
9271
129
927
1637
1721
2337
2601
2745
2853
4359
4617
5112
5653
6279
6502
6571
8254
9039
9225
639
870
1257
1335
1674
2173
2468
3310
3611
3932
3945
3960
4614
5101
5250
6338
6754
7121
7268
9076
9393
9441
9448
9497
Query: 57
R-near neighbors:
1020
1848
1960
2093
2588
3490
4857
5236
5560
5630
6137
6145
6803
6819
7842
8411
9175
9749
26
760
1351
1365
1373
1491
2445
2662
2956
4075
4923
5058
5680
8256
8887
9074
607
953
1110
1929
2568
2588
3085
3316
7498
7610
8003
8278
8551
9324
9335
1035
1147
1171
1286
1429
1579
3164
3641
3944
3968
4066
7380
7485
8474
8657
9169
9172
9217
9926
9970
289
2222
2494
2779
3240
3362
5050
7261
7708
8683
9057
Query: 58
R-near neighbors:
1992
2974
3422
3707
4888
5862
6108
6731
9241
9281
919
2548
2955
4953
5056
6049
6302
7881
8921
9900
528
2102
2124
2537
2603
3220
3375
4322
4619
5242
5255
5913
6738
7230
7857
7983
8063
8090
9827
9832
9940
677
904
931
1077
1404
1540
1643
3747
4236
4354
6300
6823
7348
8164
8441
8660
8822
8989
9282
8
471
667
1306
1789
1850
2920
3236
3324
3412
3902
4391
4449
4626
4658
4846
5040
5350
6198
6368
6740
6824
6846
7576
8599
9022
9673
Query: 59
R-near neighbors:
2801
4334
6149
6379
7300
7692
8591
790
1643
2932
3169
3738
3973
4465
4844
8555
9429
666
1129
3854
4718
5153
6703
6803
8324
8623
9454
1046
1112
1471
1494
1730
2209
2355
4253
4352
4938
5045
5128
5446
6525
6854
7085
8135
8686
8715
232
1282
1938
1998
2593
2737
2843
4356
5301
5944
6107
6542
7433
8542
8687
9342
Query: 60
R-near neighbors:
248
759
1073
3745
4817
4846
5095
5307
6106
6818
7037
7794
8256
9246
9450
9984
375
794
1069
1256
1375
2418
2553
2924
3906
4942
5011
5467
5913
7845
7901
632
2785
3608
3721
3808
5520
5528
6076
6125
7254
7310
7362
7649
7758
9532
1750
1816
2941
3595
4765
5685
5721
5862
6559
7469
7596
7796
7805
8957
9930
42
603
953
1081
1104
5461
6070
6719
7383
7545
7610
8436
8938
Query: 61
R-near neighbors:
1060
1660
1736
2313
3007
3175
3402
4124
4519
5033
5067
5401
6184
6262
7655
8667
9056
9618
1101
1360
1780
2681
3775
4080
4248
4935
6845
8046
441
2007
3023
3029
3119
3588
3775
4274
6287
8105
8850
9068
638
917
940
1269
1492
1933
2230
3426
4987
5212
5287
5581
7225
8363
8723
450
960
1444
1927
1972
3531
4618
4970
5417
5584
5863
7181
9912
Query: 62
R-near neighbors:
388
601
785
1180
1203
1594
1690
1701
1796
2364
2440
6276
7155
7181
8061
8355
70
1404
1408
1425
1912
1933
2154
3361
3598
3788
5067
6676
7258
8061
8461
8666
9493
9535
580
1496
2090
2650
2829
3325
3839
4032
4847
5024
5306
5542
6424
7887
814
1055
1223
3559
4134
4243
4561
4618
4681
4925
5251
5423
5820
6481
8471
9304
9902
9927
7
1982
2297
2503
2568
3464
3545
5057
6193
6341
6470
6891
7191
7305
8119
8615
9654
Query: 63
R-near neighbors:
3104
3130
3417
3605
3834
4125
4141
5498
5853
6029
6312
6332
7049
7580
9150
9197
9268
9302
9638
9711
462
904
2067
2895
4236
4584
4694
6114
6246
6308
6627
6666
7151
7581
8154
9361
9650
51
844
928
1015
1326
1547
1630
2244
2323
2341
4985
5436
5512
8161
8896
8937
9783
652
867
2415
2905
3167
3463
4147
4153
5118
6050
6415
6459
6472
6753
7029
9436
9867
1072
2170
4549
4881
5077
5600
5894
5971
6414
7172
7627
8104
8147
9182
9599
Query: 64
R-near neighbors:
1685
2132
2390
3097
3272
3442
3582
4431
4695
4782
5132
5540
5587
6161
8363
9130
9404
9886
132
157
1843
3165
5730
5907
6048
6190
6965
7212
7915
8480
8615
8766
9634
9720
175
824
2681
3041
3262
4526
4739
4814
5201
5298
5322
5543
6810
6960
7593
8951
9870
267
321
1663
1804
2520
3549
5192
6956
9483
9846
348
2474
2532
3061
3689
5184
5242
5605
5622
5647
6388
7123
7234
7401
7754
8292
8842
9346
9371
9745
Query: 65
R-near neighbors:
714
755
898
1123
1521
2297
2809
2881
2942
4560
4731
5014
6126
6496
7436
7506
9402
9645
9872
1390
1431
3251
5362
5662
6066
6120
7461
7620
7638
7936
8029
9436
9681
475
686
1744
2309
2488
3498
4230
5846
6826
7585
8380
9549
1088
1602
1608
1667
2091
2208
2551
4166
4443
5075
5724
5802
6039
6529
7237
7510
8152
8387
8571
8677
9210
1511
1821
2539
4684
5118
6811
7149
7942
8471
9203
9446
9962
Query: 66
R-near neighbors:
525
1043
1915
2710
2811
3558
4474
6096
6808
6937
7426
8659
9059
9887
564
1031
1139
1993
2516
3119
4086
4383
4471
4757
4808
4956
5154
5902
6438
6498
6705
7211
7268
7296
8806
8910
300
638
1159
1242
3096
6149
6722
7457
7906
9708
1319
2574
4726
6183
6209
6366
6549
7294
7598
7633
7994
8143
8308
8328
9084
9577
741
1216
1449
1776
2996
3335
4305
5329
5456
5489
5643
6363
6523
6749
8086
8247
8353
8440
8594
8841
9325
Query: 67
R-near neighbors:
977
1005
1270
1407
1514
1907
1937
1986
2089
2293
2348
3527
3694
5696
5920
6618
6895
6956
7072
7670
8626
9569
276
422
1900
2879
3043
3196
3245
3801
4461
4569
4928
6485
6656
6731
8159
8429
9053
9224
69
591
2801
4641
6595
6724
7245
7577
7884
8117
8778
9228
9361
9591
11
60
179
1548
1558
2244
3024
3160
3446
4140
4163
4227
4428
4954
5299
7637
9562
164
276
310
752
808
1274
1990
2300
2903
3359
4456
5667
6340
6967
7598
Query: 68
R-near neighbors:
2
39
979
1037
1089
1667
1977
2328
4466
4602
5070
5888
6081
6243
6308
6455
6855
8775
9866
9996
340
550
1063
1188
1410
3324
3620
3749
5832
6523
7438
8590
8834
9248
9497
9842
43
803
816
891
947
1876
2316
3726
4085
4587
4593
4680
6057
6973
7147
7706
8798
8940
9820
149
679
702
717
848
941
1126
1605
2011
2147
2200
2392
3030
3881
3905
4825
4865
5457
6957
7059
8673
9352
17
1634
2238
2441
2898
4435
4469
4565
6117
6478
7567
8455
8828
Query: 69
R-near neighbors:
2943
2979
4166
4199
4611
5296
5979
6049
6270
6679
7601
7817
9327
208
489
684
750
848
1889
1989
2996
3478
3564
4591
7587
8767
9792
9865
475
686
1744
2309
2488
3498
4230
5846
6826
7585
8380
9549
43
2157
2577
2995
3138
4626
6944
7647
7797
8384
8472
8781
9575
1702
2199
2778
4088
5546
6141
6298
6352
6433
9548
9634
Query: 70
R-near neighbors:
1696
2213
2352
2577
4424
4890
4964
5213
5421
5921
6284
6761
7664
8947
9033
250
1694
2172
2518
2627
2700
2802
3258
3260
3683
3995
5599
5686
6402
6717
7571
9057
46
180
1176
1304
1415
1593
1922
2179
3738
3905
4444
5432
6282
6404
6553
6945
7878
8466
2061
3185
4425
5523
6058
6112
8136
9919
993
2726
4492
5885
6062
6951
6975
7465
8434
8515
9867
Query: 71
R-near neighbors:
636
1418
4532
4926
5370
5690
5742
7206
7885
7993
8132
8660
9388
9631
9904
1464
2101
2118
2167
2339
2372
4738
4963
5173
5539
5795
6144
6753
6877
6881
7661
8717
8737
8765
8775
9272
23
941
1540
1561
2979
4610
5345
5591
6659
7389
7661
8664
8921
9721
19
696
1474
1752
1855
2108
3452
4150
4700
5143
5525
5661
5950
6056
6357
6369
6806
6968
7287
8598
9253
9754
704
1065
1258
1382
1442
1900
3561
3635
3742
4235
4251
4713
4735
4845
5005
5909
6040
6393
6543
6697
7146
8160
8463
8484
9002
9562
Query: 72
R-near neighbors:
390
591
2667
3998
4297
5826
7561
8170
9460
443
733
996
2308
2588
2784
3875
4100
4299
4300
4903
5802
6612
7568
8770
8858
9155
9266
25
277
1554
1668
1751
1752
2939
4124
4510
5364
6642
7166
8672
8765
9439
972
1287
1318
1539
3035
4165
4342
4474
4649
5306
5580
7481
7775
8938
9316
9428
165
408
1961
2652
2709
3219
3648
3744
4827
5852
6544
6808
6895
7390
7397
7459
Query: 73
R-near neighbors:
138
305
379
954
1666
1875
2379
2992
3235
3943
5771
6742
8464
9661
9964
541
1490
1547
1561
2788
3153
3894
4110
4221
4533
4740
5481
7557
8230
8540
8608
8922
9227
9903
577
701
1351
2211
3447
5341
6663
7046
7326
7453
7872
8074
8083
8701
206
1331
3031
3119
5883
6293
6421
6456
6566
6593
6612
6905
7019
7099
7133
7580
8632
9180
9547
652
885
1635
1652
2091
2461
2877
2916
3009
4292
4736
5066
7664
7677
8188
8659
9003
9071
9856
Query: 74
R-near neighbors:
857
1116
1795
3677
4902
6637
9324
9797
490
830
1932
2253
2461
3554
3942
4710
5120
5392
5528
5557
7286
7741
7883
8223
8546
9996
169
215
760
1824
2692
3906
4890
5107
5359
5494
6394
7222
7377
7969
8134
8148
8321
9594
355
1911
2556
3046
3412
4312
4473
4862
4989
5610
6604
6801
7593
7594
8366
187
359
1645
2490
3059
3254
3418
3729
6738
7077
7300
8140
8756
8776
8817
9726
Query: 75
R-near neighbors:
494
1883
2201
2426
2515
3114
3436
4036
4391
4525
6280
6391
8572
8966
8994
1374
1695
2427
3146
3841
4821
5104
5351
5523
6001
6071
6861
7946
9115
9546
736
864
2506
2871
3391
3450
4137
4618
5464
5625
5819
6004
7533
7827
8525
8528
8606
8905
9626
648
1101
3032
3819
4375
5659
6439
6744
6943
7048
7246
7958
24
717
2622
2928
3588
3695
4019
4493
5107
5238
5562
5801
6159
7295
7480
7934
8219
8835
Query: 76
R-near neighbors:
427
550
1158
1168
2781
3184
3356
3851
4674
5001
5175
5375
5386
5412
6023
6100
7003
7007
7075
7853
8048
9190
9312
151
1764
2890
3253
5063
6921
7453
7694
7940
9067
148
930
1241
1563
3786
4760
4854
5101
5924
6088
6697
7187
7492
8626
9367
76
371
1190
2357
3438
4148
4821
4978
5340
5469
6048
6194
6645
6949
7189
7255
8324
9360
9756
1299
2493
2581
2945
3356
3480
3493
3812
5140
5176
6219
6305
8267
8319
8596
9681
Query: 77
R-near neighbors:
658
1750
1751
3812
4133
4278
4461
5390
5637
6562
7025
7897
8350
8875
1253
1816
3653
4133
5339
6077
6297
7664
8313
8446
8469
9310
9895
532
643
901
1342
1513
1663
1742
1769
2132
2737
3462
5142
5369
5905
7060
7616
8888
189
215
472
706
765
1764
4516
4704
4713
5722
6615
6839
7631
7676
8644
8898
838
2366
2759
3274
3468
3817
4309
4621
5327
5335
6009
6556
8493
8779
9981
Query: 78
R-near neighbors:
1399
3102
4940
5293
6347
7197
7516
8028
8134
8602
1781
2737
2927
4356
4424
5495
5708
5782
5860
6255
6820
8530
9033
9048
9455
2699
2747
2783
3951
4041
4658
4846
5865
6374
7092
7256
7385
7496
8874
9357
101
942
1209
2064
3664
4129
4855
5663
5769
5785
5895
6703
6878
8154
9840
450
960
1444
1927
1972
3531
4618
4970
5417
5584
5863
7181
9912
Query: 79
R-near neighbors:
587
2359
3968
4055
5913
5948
7688
8318
8816
8960
9572
1154
4373
4612
4990
5226
6449
8620
9854
536
545
1812
2626
3993
4600
4855
5281
5439
6456
6461
7018
7871
9315
1185
1196
1367
1556
2292
3924
4190
4643
4929
5784
7665
629
1112
1236
1783
2344
2760
2913
3178
3478
3659
4126
4745
5388
5399
5428
6337
6908
7472
9073
9143
Query: 80
R-near neighbors:
527
930
1661
3837
4407
4594
4720
5949
6273
6632
7293
7726
7743
7801
8171
9350
9954
453
3420
6311
6461
6849
7950
8118
8428
9465
9930
9939
221
768
2673
3647
5186
6438
7025
7076
7306
8507
9059
9251
9493
231
1245
4010
4374
4620
4810
5388
5729
6643
9007
1184
3235
3485
3969
4983
5305
6345
6979
7444
8138
Query: 81
R-near neighbors:
17
1843
1958
2210
3239
3466
4920
5617
6269
8503
8611
9207
9534
9771
840
1048
1272
1347
1911
3170
3762
3989
5784
5871
6213
6261
7417
376
1649
3776
4694
5200
5866
6742
6812
7687
8294
8535
8814
9016
1968
2000
2084
3169
3361
3655
3931
4633
4867
5501
7568
7690
8196
8343
8563
8605
9520
9699
9889
342
969
1012
1613
1795
1994
2122
2221
2876
3159
4049
4331
4386
4694
4715
4952
5552
5838
5952
6727
7237
7823
8055
8871
9263
Query: 82
R-near neighbors:
434
1186
1884
2056
2070
2127
2836
3331
3946
4103
4493
4601
5202
5425
7368
7865
8025
8340
8886
836
1686
3115
3116
3283
3307
3519
4152
5045
5145
5376
7311
7483
9121
466
1153
1507
2805
2814
3931
4073
4552
5108
5318
5503
6240
7131
8703
9243
9664
502
1564
1574
2604
4591
4912
5634
7606
8220
8331
8404
8580
894
1358
2208
3647
4109
4384
4775
4844
5526
5827
5829
6036
6089
6215
6492
7214
7524
9338
9671
Query: 83
R-near neighbors:
293
367
3215
3368
3885
4528
5119
5619
5928
6755
7273
7765
8227
8446
8656
11
1200
1318
2830
2997
4661
4823
5344
5881
6295
6544
6773
6974
7999
8052
8611
9548
9550
484
564
1208
1330
1534
1633
1699
2989
3003
3833
3980
4180
5087
5485
5922
6542
6636
6758
7465
8474
8490
8518
860
2616
2950
3049
3767
4668
6143
6585
6793
7197
7578
7595
9409
9751
800
1076
1319
1627
2694
3572
4514
4975
6517
6994
7088
7238
7594
8069
8082
8103
8837
8959
8964
9577
Query: 84
R-near neighbors:
233
352
1845
2369
3846
4340
4442
4747
4834
5852
6063
6860
9170
1564
3001
3310
3668
4448
4610
5329
5374
6131
7241
7543
7573
8180
8693
9061
9724
1518
2471
2778
4064
4325
4700
4961
5617
5820
6359
8080
8338
8922
9508
9623
9843
169
593
1071
1415
2586
3439
3555
4270
5625
5998
8468
8652
8818
8845
9000
9033
9477
439
596
1053
2322
3273
4138
4286
4394
4522
4880
6202
6564
6639
6944
7233
7252
7897
8198
8734
8793
9479
9719
Query: 85
R-near neighbors:
2796
3764
4709
4725
9746
383
1267
2097
2969
2999
3191
3474
4318
5570
6015
6208
6552
7393
7643
7929
8604
8700
9196
357
1169
1435
2469
2754
3077
4106
4741
6296
8052
8611
9171
9368
9614
9771
9890
73
343
995
1049
1599
1661
2034
2219
3127
3603
4429
4800
4966
5322
6411
7315
9326
9355
60
671
1858
1873
2253
2357
3024
3344
5831
6128
6265
7765
9007
9470
9847
Query: 86
R-near neighbors:
814
1230
1361
2092
3154
3540
4026
4265
4536
4912
6350
7767
7835
8020
149
267
1937
3560
3916
5356
8285
8316
8507
8677
9468
926
1716
2730
3774
6013
6059
6529
7087
7264
9530
49
378
442
520
779
1258
1484
1872
2068
2892
4533
5407
5823
6298
6934
7660
8290
9179
9319
9624
9900
350
1778
1791
1924
4148
4304
4534
5009
5666
6758
8335
8666
9649
Query: 87
R-near neighbors:
337
952
1757
1900
2279
2424
2555
3164
3542
3823
5911
6584
7085
7159
7281
7748
7951
8493
8743
116
363
1106
1122
1169
2538
2552
2880
3513
4130
4478
5577
6569
7574
7608
8718
9202
9828
556
5950
6006
6152
6855
7703
7782
7842
9007
9285
9930
454
1236
1325
2065
3510
3575
3936
3966
4448
4518
7001
7988
8053
8208
8476
9126
9147
118
334
472
1111
1797
2029
2603
2736
3330
5497
6508
6835
6927
7391
7483
9647
Query: 88
R-near neighbors:
502
1082
2100
2888
3279
5477
6259
6462
8139
8236
8690
9606
449
1883
2074
2241
2891
3186
4933
4961
5602
6572
7397
8199
8288
8326
9063
304
651
2815
3722
4627
4960
5585
5851
7150
8515
8605
8630
9002
9295
163
372
808
929
1027
2782
2848
3669
5040
6723
7208
9214
476
991
1190
1827
2392
2808
3642
4473
6972
9252
Query: 89
R-near neighbors:
139
555
691
1272
2398
2852
3683
4836
5045
5855
6307
6400
6403
7059
7283
7553
7799
7807
8089
8405
8761
8969
9334
9413
1499
1518
1574
1606
1869
3085
4667
5191
6219
6943
7264
7584
7592
7593
8978
9268
9733
253
720
2365
3603
5381
7536
7637
8048
8621
925
975
1712
1832
2671
3479
3533
4295
4336
4674
5413
5477
5666
6243
6463
7061
7829
7874
7894
8351
68
98
212
1320
3663
5745
7229
7773
8287
8699
8801
9339
Query: 90
R-near neighbors:
288
1078
1323
1349
1664
2451
5422
5644
7256
7336
7530
9505
13
206
856
882
1430
1637
1798
2068
3257
3838
4056
5632
5641
6262
7244
7420
7684
8002
8488
699
944
1032
2313
2710
2725
3247
3282
4297
4338
4970
7348
8017
8645
9258
298
549
715
722
1065
1265
1433
1940
2304
2596
3831
4327
4491
6466
7000
9074
9941
240
587
1721
2239
2437
2560
5266
6386
6505
6618
6654
6815
7019
7037
8428
8651
8741
9811
Query: 91
R-near neighbors:
234
604
709
1535
1740
1766
1990
3688
3729
4017
4277
4370
4389
4716
5767
6018
6407
7546
7841
8032
9103
9210
9940
418
634
1550
1807
2064
2103
3027
3298
3339
4308
4458
5020
5055
5213
6169
7149
7331
7767
7887
8121
8435
9560
9718
302
368
981
1154
2944
3233
3864
3883
5239
7523
7660
9178
9755
2
142
381
1402
1710
2700
3124
3402
3985
5223
5688
6010
6760
7412
7675
7687
8158
8292
9334
197
549
1619
1672
4567
4682
5782
7182
8863
Query: 92
R-near neighbors:
136
291
676
957
1280
1412
1581
2430
2738
3300
3719
3762
4232
4260
4882
6602
7143
7307
7316
7393
7495
7704
7894
8510
9047
9299
885
1285
1524
1557
1880
2235
2407
3308
3531
3898
4397
6620
7882
8687
8956
8964
9080
9543
9827
9857
212
342
377
2270
2641
4467
5834
6444
7124
7525
8426
9084
75
811
2512
3008
4301
4638
4968
5364
5578
6264
6522
7123
9402
9616
9826
726
1078
1267
1543
1753
2196
2231
3136
3295
3709
3748
4668
4835
5083
5672
5675
6782
6917
8958
9097
9159
Query: 93
R-near neighbors:
963
1232
1710
2977
3526
4118
5112
5550
5599
6166
6454
6994
7220
8259
8498
8709
9279
919
2548
2955
4953
5056
6049
6302
7881
8921
9900
905
1398
1868
3487
3800
4456
4719
5198
5350
5582
5644
5911
6352
6524
7074
7832
8187
8805
8845
9163
133
164
559
1869
3147
3704
3892
4018
4223
5486
5921
6379
6485
6743
7116
9032
254
257
703
881
2046
3079
4101
4219
4723
4900
6379
6557
6571
6954
8003
8311
9115
9134
9440
9787
Query: 94
R-near neighbors:
327
448
875
1099
1419
1934
2120
2167
2257
2985
4946
5494
7349
7675
8567
8873
9144
9370
939
1220
2539
2766
3098
3986
4083
4751
5296
6013
6363
6975
7012
8395
8972
9390
9402
9520
475
686
1744
2309
2488
3498
4230
5846
6826
7585
8380
9549
9
1234
1647
2322
2911
3890
4017
5182
5208
6193
6875
7027
7272
7430
8699
8819
58
124
261
411
1745
2682
2762
3042
3141
3514
3630
4069
4363
4370
4636
4685
4837
5412
6157
6935
7005
7913
8891
9849
Query: 95
R-near neighbors:
437
1814
2860
3022
3075
3224
4568
5092
5187
5739
6158
8287
8290
1920
2422
2667
2988
3419
3770
4069
4492
4577
5538
5984
6147
6426
6742
7146
7750
8982
9396
9614
126
620
2416
2534
2748
3418
3959
4830
5839
6721
7193
8343
8875
9378
9391
9717
1462
1719
2246
2885
4056
4161
4653
4742
6445
6767
7151
8332
8891
9251
79
139
802
880
2410
2557
2867
4128
4332
4695
4838
5449
5733
6378
7040
7379
8481
8535
9603
Query: 96
R-near neighbors:
28
951
1223
2573
2884
3160
3561
3697
4730
4907
5298
5576
5893
7619
7910
8789
9726
9793
556
2817
3629
5464
6475
6890
6900
7531
7564
8279
8772
334
341
882
1222
2258
3052
3298
4576
5202
6016
7470
7537
8177
8883
180
1320
1686
2878
2888
3090
4569
4593
5081
5401
6129
6171
6179
6523
6732
7903
8965
819
2065
2233
2805
2840
3115
4111
4533
4604
4861
5431
5531
6320
7171
7254
7996
8036
8475
Query: 97
R-near neighbors:
210
342
415
1709
2067
3774
5199
5216
6965
7702
8366
8441
9687
9994
616
1219
1411
1449
2524
3312
3541
3822
4427
4455
4930
5335
5861
6046
6074
6153
7213
7657
7707
8168
9309
9791
11
1986
3499
5029
5330
6771
6923
8377
8817
8934
9810
1928
2381
2765
3154
4450
4553
4998
5901
6125
6518
6765
8322
9085
2793
3393
3641
3989
4371
4505
6134
7668
7750
8795
Query: 98
R-near neighbors:
371
2337
3166
3389
4176
5323
5869
6295
7394
7469
8111
8255
8313
8727
9489
6
234
298
563
1009
1642
2277
3028
3137
3551
4059
4435
4460
7760
7932
8063
8166
9300
9739
740
1856
2824
3453
4054
4640
4923
5379
6181
7952
8132
937
958
1995
2316
2510
3113
3714
4071
6184
6446
7750
8601
8931
9845
475
2182
2566
2619
2915
3191
3278
3410
3481
3716
3904
4032
4149
4203
4436
4964
5100
5292
6881
6938
7132
8256
8581
9664
9874
Query: 99
R-near neighbors:
233
352
1845
2369
3846
4340
4442
4747
4834
5852
6063
6860
9170
209
761
1060
1823
2294
2727
3878
4449
4895
5016
5265
5273
6853
7470
8133
8537
9712
25
277
1554
1668
1751
1752
2939
4124
4510
5364
6642
7166
8672
8765
9439
306
528
891
1333
1836
3074
3338
4122
4139
4246
5030
5294
5531
5728
7021
8180
8274
9491
9690
567
939
2172
4925
5421
6812
8380
9662
Query: 100
R-near neighbors:
477
1626
2774
4044
4083
5387
5527
6386
7515
7917
7968
8135
9639
9881
289
608
1591
1971
2777
4109
4224
5121
5707
5936
6526
7292
7736
7995
8305
9211
9252
9808
470
1353
1833
2349
3929
4317
4443
4753
5979
8597
9538
9650
807
913
3048
5517
5859
6232
6330
6818
8491
8612
9114
9614
799
820
951
1038
1381
2053
2324
3944
4349
4410
5281
6466
6475
7017
7987
8757
8773
9138
9232
9527
