Query: 1
R-near neighbors:
2745
3193
8968
9808
9070
4402
Query: 2
R-near neighbors:
466
9026
5530
6894
Query: 3
R-near neighbors:
840
377
3961
8592
8841
Query: 4
R-near neighbors:
3394
8350
3361
3939
7597
9862
9987
1266
4732
5051
8847
Query: 5
R-near neighbors:
42
3548
6238
6358
1928
3497
5080
3276
4112
Query: 6
R-near neighbors:
2554
3108
6979
2038
7527
Query: 7
R-near neighbors:
6291
4122
8433
Query: 8
R-near neighbors:
1930
4013
5306
5936
7858
8071
Query: 9
R-near neighbors:
5072
Query: 10
R-near neighbors:
4025
9817
3224
7275
9779
1636
2906
3473
9674
Query: 11
R-near neighbors:
1554
3509
7190
7421
8083
8584
122
2187
2358
7193
9335
Query: 12
R-near neighbors:
2157
2657
2714
3571
3679
6170
2239
2685
9573
9639
Query: 13
R-near neighbors:
1409
2230
8455
1405
5657
7772
9203
Query: 14
R-near neighbors:
9885
6900
3833
6042
6313
9790
Query: 15
R-near neighbors:
2162
5299
4150
9883
Query: 16
R-near neighbors:
2032
6770
7458
149
9533
297
4967
5258
8824
Query: 17
R-near neighbors:
3036
7318
1877
7380
2144
3385
9711
Query: 18
R-near neighbors:
9157
7481
8902
Query: 19
R-near neighbors:
802
8312
9994
1821
6754
374
Query: 20
R-near neighbors:
5376
5819
511
1121
1185
5054
5823
6310
7800
8677
9984
2111
3625
4543
5361
9063
Query: 21
R-near neighbors:
2834
3616
4196
4582
6194
516
8000
9042
6937
Query: 22
R-near neighbors:
5512
6219
7274
9137
1896
5671
5928
3270
9325
Query: 23
R-near neighbors:
3164
6970
3119
7517
586
1454
4927
5873
6295
9457
Query: 24
R-near neighbors:
7426
9760
822
3226
2486
3931
8811
Query: 25
R-near neighbors:
7246
7735
8458
237
258
1773
6478
6815
9450
555
Query: 26
R-near neighbors:
218
3908
4615
4638
5489
6699
8941
4447
7389
8291
Query: 27
R-near neighbors:
1715
4286
6281
3875
6203
7104
Query: 28
R-near neighbors:
2271
4765
1264
2684
4495
Query: 29
R-near neighbors:
13
7303
8710
8797
330
1681
3990
7896
9110
9687
397
1997
2753
5536
9196
Query: 30
R-near neighbors:
4135
5927
7751
8004
Query: 31
R-near neighbors:
5330
3697
5846
1579
5757
6675
7039
7146
9332
Query: 32
R-near neighbors:
1711
2238
6416
4553
7130
9408
2940
Query: 33
R-near neighbors:
3344
6898
7259
7998
895
6595
7386
1266
4732
5051
8847
Query: 34
R-near neighbors:
9008
4424
1579
5757
6675
7039
7146
9332
Query: 35
R-near neighbors:
912
1876
5050
5495
8747
4185
47
8609
Query: 36
R-near neighbors:
200
4956
7986
8520
Query: 37
R-near neighbors:
6294
7007
7983
4269
7478
7878
2435
Query: 38
R-near neighbors:
2170
5037
9326
3167
7867
Query: 39
R-near neighbors:
1912
2284
3234
3356
4627
4756
8366
9204
2615
Query: 40
R-near neighbors:
1783
2579
5953
3556
6931
7037
8420
9093
991
6240
Query: 41
R-near neighbors:
9765
765
Query: 42
R-near neighbors:
690
8114
8396
2763
6645
6676
6679
Query: 43
R-near neighbors:
534
3000
9697
9728
4424
3600
4625
7838
Query: 44
R-near neighbors:
2115
9153
5252
8018
Query: 45
R-near neighbors:
2461
5773
6787
505
5013
9636
6376
Query: 46
R-near neighbors:
3375
5723
5104
6688
8026
656
1302
2107
7560
Query: 47
R-near neighbors:
7733
7854
7915
1599
2164
5632
6183
9454
9267
Query: 48
R-near neighbors:
3868
1569
8109
Query: 49
R-near neighbors:
2743
5590
3897
7385
9033
9103
9865
Query: 50
R-near neighbors:
781
9449
5048
7105
Query: 51
R-near neighbors:
1242
4323
4660
7295
4822
7931
679
5784
5951
6440
6577
8305
Query: 52
R-near neighbors:
7933
491
3562
9464
4387
Query: 53
R-near neighbors:
10
6541
3060
3481
40
2505
5586
6946
Query: 54
R-near neighbors:
788
44
1553
4766
6495
4601
5470
7268
Query: 55
R-near neighbors:
89
2281
3458
8591
8422
2433
4830
Query: 56
R-near neighbors:
7267
502
8165
572
7893
8289
9668
Query: 57
R-near neighbors:
1379
3275
4313
4611
8365
6482
4180
4275
4291
5545
9108
Query: 58
R-near neighbors:
7733
7854
7915
1599
2164
5632
6183
9454
9267
Query: 59
R-near neighbors:
486
3661
3719
4697
5917
6578
9239
1970
5060
9553
Query: 60
R-near neighbors:
2190
2408
5265
8945
1330
2160
4315
7903
9053
1066
3301
Query: 61
R-near neighbors:
6426
8036
9320
958
8942
704
4865
Query: 62
R-near neighbors:
1095
2477
7331
741
4130
6769
Query: 63
R-near neighbors:
1480
8003
8333
1958
2371
5876
7341
8758
9475
715
3510
5925
6952
Query: 64
R-near neighbors:
988
2133
5571
4262
4877
8654
5298
6689
9744
Query: 65
R-near neighbors:
1643
3115
3240
5880
6961
9047
1146
5769
6647
8983
4109
9955
Query: 66
R-near neighbors:
2386
7708
431
1518
2791
3717
1264
2684
4495
Query: 67
R-near neighbors:
3271
3403
5459
4387
Query: 68
R-near neighbors:
8618
449
5094
6013
7569
8401
Query: 69
R-near neighbors:
182
2294
7075
768
5300
6557
8521
714
3746
Query: 70
R-near neighbors:
1993
7321
8578
1211
2984
3167
7867
Query: 71
R-near neighbors:
1898
9480
9571
2158
2385
2881
Query: 72
R-near neighbors:
3434
4560
9315
2478
Query: 73
R-near neighbors:
56
9592
3255
3307
9664
Query: 74
R-near neighbors:
511
1121
1185
5054
5823
6310
7800
8677
9984
4466
5686
5727
6928
9073
Query: 75
R-near neighbors:
1218
5676
856
2945
3832
5954
7551
8209
Query: 76
R-near neighbors:
7440
2889
3782
1800
Query: 77
R-near neighbors:
1040
9856
94
9051
826
3406
9795
Query: 78
R-near neighbors:
2987
3464
3774
8429
1623
2662
4498
6144
8829
8953
9680
9999
6443
8316
9586
Query: 79
R-near neighbors:
2661
2914
3452
7253
9523
1592
5975
7082
Query: 80
R-near neighbors:
277
2262
4069
6654
7092
4592
8465
Query: 81
R-near neighbors:
2583
5630
7163
976
Query: 82
R-near neighbors:
1838
7603
2471
4046
7158
6158
7148
9549
Query: 83
R-near neighbors:
682
1031
3801
7076
9399
4023
629
2719
9640
Query: 84
R-near neighbors:
1680
9430
789
9251
9879
4239
Query: 85
R-near neighbors:
3524
1022
4450
4842
7445
8116
9764
Query: 86
R-near neighbors:
325
742
896
8019
4482
9273
Query: 87
R-near neighbors:
5400
7440
Query: 88
R-near neighbors:
627
1996
3471
3905
811
900
5247
Query: 89
R-near neighbors:
9048
74
Query: 90
R-near neighbors:
451
5865
8663
2206
2883
1848
7308
7376
7672
Query: 91
R-near neighbors:
6352
6422
8528
3996
5684
8434
6006
Query: 92
R-near neighbors:
2873
3698
7061
197
6332
7839
8057
9662
Query: 93
R-near neighbors:
1411
423
119
Query: 94
R-near neighbors:
719
1794
3103
3496
6777
Query: 95
R-near neighbors:
1920
2807
5409
7792
3052
8660
8731
4885
6835
Query: 96
R-near neighbors:
3050
3711
1606
4104
6001
513
2039
6351
9554
Query: 97
R-near neighbors:
7460
8286
3889
7457
8676
Query: 98
R-near neighbors:
6109
6508
6513
4705
4929
Query: 99
R-near neighbors:
991
6240
Query: 100
R-near neighbors:
259
5408
5979
9827
